<Qucs Dataset 0.0.19>
<indep time 11>
  +0.00000000000000000000e+000
  +1.00000000000000004792e-004
  +2.00000000000000009584e-004
  +3.00000000000000027929e-004
  +4.00000000000000019169e-004
  +5.00000000000000010408e-004
  +6.00000000000000055858e-004
  +6.99999999999999992888e-004
  +8.00000000000000038337e-004
  +8.99999999999999975367e-004
  +1.00000000000000002082e-003
</indep>
<dep Y.Vt time>
  +5.57650709976843850235e-001
  +5.57650709976887037911e-001
  +5.57650709976985625715e-001
  +5.57650709977083325342e-001
  +5.57650709976909242371e-001
  +5.57650709976957870140e-001
  +5.57650709977042358112e-001
  +5.57650709977106862070e-001
  +5.57650709977000280659e-001
  +5.57650709977068892442e-001
  +5.57650709976953318225e-001
</dep>
<dep A.Vt time>
  +0.00000000000000000000e+000
  +0.00000000000000000000e+000
  +0.00000000000000000000e+000
  +0.00000000000000000000e+000
  +0.00000000000000000000e+000
  +0.00000000000000000000e+000
  +0.00000000000000000000e+000
  +0.00000000000000000000e+000
  +0.00000000000000000000e+000
  +0.00000000000000000000e+000
  +0.00000000000000000000e+000
</dep>
<dep B.Vt time>
  +0.00000000000000000000e+000
  +0.00000000000000000000e+000
  +0.00000000000000000000e+000
  +0.00000000000000000000e+000
  +0.00000000000000000000e+000
  +0.00000000000000000000e+000
  +0.00000000000000000000e+000
  +0.00000000000000000000e+000
  +0.00000000000000000000e+000
  +0.00000000000000000000e+000
  +0.00000000000000000000e+000
</dep>
<dep V1.It time>
  -4.44234929002315615757e-004
  -4.44234929002311333159e-004
  -4.44234929002301466919e-004
  -4.44234929002291709099e-004
  -4.44234929002309110544e-004
  -4.44234929002304231634e-004
  -4.44234929002295774857e-004
  -4.44234929002289323854e-004
  -4.44234929002300003246e-004
  -4.44234929002293118562e-004
  -4.44234929002304665315e-004
</dep>
<dep V2.It time>
  +0.00000000000000000000e+000
  +0.00000000000000000000e+000
  +0.00000000000000000000e+000
  +0.00000000000000000000e+000
  +0.00000000000000000000e+000
  +0.00000000000000000000e+000
  +0.00000000000000000000e+000
  +0.00000000000000000000e+000
  +0.00000000000000000000e+000
  +0.00000000000000000000e+000
  +0.00000000000000000000e+000
</dep>
<dep _net0.Vt time>
  +5.57650709976843850235e-001
  +5.57650709976887037911e-001
  +5.57650709976985625715e-001
  +5.57650709977083325342e-001
  +5.57650709976909242371e-001
  +5.57650709976957870140e-001
  +5.57650709977042358112e-001
  +5.57650709977106862070e-001
  +5.57650709977000280659e-001
  +5.57650709977068892442e-001
  +5.57650709976953318225e-001
</dep>
<dep _net3.Vt time>
  +5.00000000000000000000e+000
  +5.00000000000000000000e+000
  +5.00000000000000000000e+000
  +5.00000000000000000000e+000
  +5.00000000000000000000e+000
  +5.00000000000000000000e+000
  +5.00000000000000000000e+000
  +5.00000000000000000000e+000
  +5.00000000000000000000e+000
  +5.00000000000000000000e+000
  +5.00000000000000000000e+000
</dep>
<dep _net2.Vt time>
  +5.57650709976843850235e-001
  +5.57650709976887037911e-001
  +5.57650709976985625715e-001
  +5.57650709977083325342e-001
  +5.57650709976909242371e-001
  +5.57650709976957870140e-001
  +5.57650709977042358112e-001
  +5.57650709977106862070e-001
  +5.57650709977000280659e-001
  +5.57650709977068892442e-001
  +5.57650709976953318225e-001
</dep>
<dep _net1.Vt time>
  +5.00000000000000000000e+000
  +5.00000000000000000000e+000
  +5.00000000000000000000e+000
  +5.00000000000000000000e+000
  +5.00000000000000000000e+000
  +5.00000000000000000000e+000
  +5.00000000000000000000e+000
  +5.00000000000000000000e+000
  +5.00000000000000000000e+000
  +5.00000000000000000000e+000
  +5.00000000000000000000e+000
</dep>
