<Qucs Dataset 0.0.19>
<indep time 11>
  +0.00000000000000000000e+000
  +1.00000000000000004792e-004
  +2.00000000000000009584e-004
  +3.00000000000000027929e-004
  +4.00000000000000019169e-004
  +5.00000000000000010408e-004
  +6.00000000000000055858e-004
  +6.99999999999999992888e-004
  +8.00000000000000038337e-004
  +8.99999999999999975367e-004
  +1.00000000000000002082e-003
</indep>
<dep Y.Vt time>
  +0.00000000000000000000e+000
  +0.00000000000000000000e+000
  +0.00000000000000000000e+000
  +0.00000000000000000000e+000
  +0.00000000000000000000e+000
  +0.00000000000000000000e+000
  +0.00000000000000000000e+000
  +0.00000000000000000000e+000
  +0.00000000000000000000e+000
  +0.00000000000000000000e+000
  +0.00000000000000000000e+000
</dep>
<dep B.Vt time>
  +0.00000000000000000000e+000
  +0.00000000000000000000e+000
  +0.00000000000000000000e+000
  +0.00000000000000000000e+000
  +0.00000000000000000000e+000
  +0.00000000000000000000e+000
  +0.00000000000000000000e+000
  +0.00000000000000000000e+000
  +0.00000000000000000000e+000
  +0.00000000000000000000e+000
  +0.00000000000000000000e+000
</dep>
<dep A.Vt time>
  +0.00000000000000000000e+000
  +0.00000000000000000000e+000
  +0.00000000000000000000e+000
  +0.00000000000000000000e+000
  +0.00000000000000000000e+000
  +0.00000000000000000000e+000
  +0.00000000000000000000e+000
  +0.00000000000000000000e+000
  +0.00000000000000000000e+000
  +0.00000000000000000000e+000
  +0.00000000000000000000e+000
</dep>
<dep V1.It time>
  +0.00000000000000000000e+000
  +0.00000000000000000000e+000
  +0.00000000000000000000e+000
  +0.00000000000000000000e+000
  +0.00000000000000000000e+000
  +0.00000000000000000000e+000
  +0.00000000000000000000e+000
  +0.00000000000000000000e+000
  +0.00000000000000000000e+000
  +0.00000000000000000000e+000
  +0.00000000000000000000e+000
</dep>
<dep V2.It time>
  +0.00000000000000000000e+000
  +0.00000000000000000000e+000
  +0.00000000000000000000e+000
  +0.00000000000000000000e+000
  +0.00000000000000000000e+000
  +0.00000000000000000000e+000
  +0.00000000000000000000e+000
  +0.00000000000000000000e+000
  +0.00000000000000000000e+000
  +0.00000000000000000000e+000
  +0.00000000000000000000e+000
</dep>
<dep _net2.Vt time>
  +0.00000000000000000000e+000
  +5.00000000000000000000e+000
  +5.00000000000000000000e+000
  +5.00000000000000000000e+000
  +5.00000000000000000000e+000
  +5.00000000000000000000e+000
  +5.00000000000000000000e+000
  +5.00000000000000000000e+000
  +5.00000000000000000000e+000
  +5.00000000000000000000e+000
  +0.00000000000000000000e+000
</dep>
<dep _net1.Vt time>
  +0.00000000000000000000e+000
  +5.00000000000000000000e+000
  +5.00000000000000000000e+000
  +5.00000000000000000000e+000
  +5.00000000000000000000e+000
  +5.00000000000000000000e+000
  +5.00000000000000000000e+000
  +5.00000000000000000000e+000
  +5.00000000000000000000e+000
  +5.00000000000000000000e+000
  +0.00000000000000000000e+000
</dep>
<dep _net0.Vt time>
  +0.00000000000000000000e+000
  +0.00000000000000000000e+000
  +0.00000000000000000000e+000
  +0.00000000000000000000e+000
  +0.00000000000000000000e+000
  +0.00000000000000000000e+000
  +0.00000000000000000000e+000
  +0.00000000000000000000e+000
  +0.00000000000000000000e+000
  +0.00000000000000000000e+000
  +0.00000000000000000000e+000
</dep>
